acum_op: 3801
acum_dp: 1117
total_boxes: 1836
overlap_precision: 2.07026
distance_precision: 0.608388
