acum_op: 1091
acum_dp: 1751
total_boxes: 1836
overlap_precision: 0.594227
distance_precision: 0.953704
