acum_op: 932
acum_dp: 1779
total_boxes: 1836
overlap_precision: 0.507625
distance_precision: 0.968954
