acum_op: 2408
acum_dp: 40
total_boxes: 1836
overlap_precision: 1.31155
distance_precision: 0.0217865
