acum_op: 1936
acum_dp: 1717
total_boxes: 1836
overlap_precision: 1.05447
distance_precision: 0.935185
