acum_op: 2
acum_dp: 2040
total_boxes: 1836
overlap_precision: 0.00108932
distance_precision: 1.11111
