acum_op: 33
acum_dp: 1705
total_boxes: 1836
overlap_precision: 0.0179739
distance_precision: 0.928649
