acum_op: 1548
acum_dp: 1320
total_boxes: 1836
overlap_precision: 0.843137
distance_precision: 0.718954
