acum_op: 2
acum_dp: 1834
total_boxes: 1836
overlap_precision: 0.00108932
distance_precision: 0.998911
