acum_op: 61
acum_dp: 1490
total_boxes: 1836
overlap_precision: 0.0332244
distance_precision: 0.811547
