acum_op: 746
acum_dp: 1809
total_boxes: 1836
overlap_precision: 0.406318
distance_precision: 0.985294
