acum_op: 2486
acum_dp: 2575
total_boxes: 1836
overlap_precision: 1.35403
distance_precision: 1.40251
